theta =

  -0.52235715
  -0.66042312
  -0.42597781
  -0.13910580
  -1.17252349
   0.02405295
   0.16881917
   0.33317927
   0.00095565
  -0.30719661
  -0.21923842