theta =

   0.8334464
   0.2747092
  -0.4503810
  -0.3526115
  -0.2016253
   0.0337796
  -0.3394920
   0.0229527
   0.0026692
   0.4568460
  -0.7493806