theta =

   -0.3833404
   -0.3079926
   -0.5558039
    0.1488475
    0.3093408
    0.0527836
    0.1235885
   -0.6255399
   -0.0020001
    0.1694941
   13.0569162
    0.1682676